patterns:
vec3(224, 128, 0), vec3(96, 32, 0),
vec3(32, 96, 0), vec3(0, 224, 160),
vec3(224, 96, 0), vec3(224, 224, 160),
vec3(224, 224, 224), vec3(192, 0, 0),
vec3(64, 32, 64), vec3(224, 128, 0),
vec3(0, 64, 192), vec3(160, 224, 224),
vec3(96, 32, 160), vec3(224, 192, 0),
vec3(0, 0, 160), vec3(64, 160, 0),
vec3(32, 224, 0), vec3(192, 224, 128),
vec3(224, 96, 0), vec3(128, 224, 192),
vec3(192, 0, 160), vec3(160, 192, 0),
vec3(0, 0, 192), vec3(192, 160, 0),
vec3(128, 0, 224), vec3(32, 224, 160),
vec3(160, 224, 0), vec3(96, 0, 224),
vec3(0, 192, 224), vec3(192, 32, 160),
vec3(0, 0, 192), vec3(192, 192, 192),